-0.9997
0.9986
0.9996
0.9999
0.9998
0.988
0.999
0.9986
0.9978
-0.9971
-0.9893
0.9796
-0.9727
-0.9999
0.9997
-1.0
0.9975
0.9989
-0.9965
0.9994
-0.999
0.9874
-0.9996
-0.9999
-0.9998
-0.9988
0.999
0.9999
-0.9995
-0.9977
0.9997
0.9995
-0.9998
1.0
0.9997
-0.9989
0.9856
0.9768
-0.9996
-0.9986
-0.9996
0.9994
0.9995
-0.9993
0.9932
1.0
0.9995
-0.9893
-0.9993
0.9996
0.989
0.9407
-0.9986
0.9891
0.9962
-0.9977
-0.9994
-0.9998
-0.9689
-0.9894
-0.9996
0.9997
0.9982
1.0
-1.0
-0.9987
-0.9984
0.9991
0.9993
-0.9993
0.9994
-0.9721
-0.9982
-0.9983
0.9917
-0.9896
-0.9989
-0.9869
0.9988
0.9998
0.9945
0.9996
0.9999
-0.9795
-0.9989
0.9992
-0.9998
0.9988
0.9995
-0.9365
-0.9829
0.9986
0.9548
-0.9988
-0.9996
-0.9976
-0.9995
-0.9996
-0.9994
0.999
